<CoordinateSystem> { Z-up } 
<Material> Material {
  <Scalar> baser { 0.11775065213441849 }
  <Scalar> baseg { 0.8000000715255737 }
  <Scalar> baseb { 0.0 }
  <Scalar> basea { 1.0 }
  <Scalar> emitr { 0.0 }
  <Scalar> emitg { 0 }
  <Scalar> emitb { 0.0 }
  <Scalar> emita { 1.0 }
  <Scalar> shininess { 0.5 }
  <Scalar> roughness { 0.4000000059604645 }
  <Scalar> metallic { 0.0 }
  <Scalar> local { 0 }
}

  <Group> Cube {
    <Transform> {
      <Matrix4> {
        1.0 0.0 0.0 0.0 
        0.0 0.9859960079193115 0.16676874458789825 0.0 
        0.0 -0.16676874458789825 0.9859960079193115 0.0 
        0.0 0.0 0.0 1.0 
      }
    }
    
    <VertexPool> Cube {
    
      <Vertex> 0 {1.000000 0.819227 1.152765
        <RGBA> { 1 1 1 1 }
        <UV> UVMap {
          0.625000 0.500000 
        }
      }
      <Vertex> 1 {-1.000000 0.819227 1.152765
        <RGBA> { 1 1 1 1 }
        <UV> UVMap {
          0.875000 0.500000 
        }
      }
      <Vertex> 2 {-1.000000 -1.152765 0.819227
        <RGBA> { 1 1 1 1 }
        <UV> UVMap {
          0.875000 0.750000 
        }
      }
      <Vertex> 3 {1.000000 -1.152765 0.819227
        <RGBA> { 1 1 1 1 }
        <UV> UVMap {
          0.625000 0.750000 
        }
      }
      <Vertex> 4 {1.000000 -0.819227 -1.152765
        <RGBA> { 1 1 1 1 }
        <UV> UVMap {
          0.375000 0.750000 
        }
      }
      <Vertex> 5 {1.000000 -1.152765 0.819227
        <RGBA> { 1 1 1 1 }
        <UV> UVMap {
          0.625000 0.750000 
        }
      }
      <Vertex> 6 {-1.000000 -1.152765 0.819227
        <RGBA> { 1 1 1 1 }
        <UV> UVMap {
          0.625000 1.000000 
        }
      }
      <Vertex> 7 {-1.000000 -0.819227 -1.152765
        <RGBA> { 1 1 1 1 }
        <UV> UVMap {
          0.375000 1.000000 
        }
      }
      <Vertex> 8 {-1.000000 -0.819227 -1.152765
        <RGBA> { 1 1 1 1 }
        <UV> UVMap {
          0.375000 0.000000 
        }
      }
      <Vertex> 9 {-1.000000 -1.152765 0.819227
        <RGBA> { 1 1 1 1 }
        <UV> UVMap {
          0.625000 0.000000 
        }
      }
      <Vertex> 10 {-1.000000 0.819227 1.152765
        <RGBA> { 1 1 1 1 }
        <UV> UVMap {
          0.625000 0.250000 
        }
      }
      <Vertex> 11 {-1.000000 1.152765 -0.819227
        <RGBA> { 1 1 1 1 }
        <UV> UVMap {
          0.375000 0.250000 
        }
      }
      <Vertex> 12 {-1.000000 1.152765 -0.819227
        <RGBA> { 1 1 1 1 }
        <UV> UVMap {
          0.125000 0.500000 
        }
      }
      <Vertex> 13 {1.000000 1.152765 -0.819227
        <RGBA> { 1 1 1 1 }
        <UV> UVMap {
          0.375000 0.500000 
        }
      }
      <Vertex> 14 {1.000000 -0.819227 -1.152765
        <RGBA> { 1 1 1 1 }
        <UV> UVMap {
          0.375000 0.750000 
        }
      }
      <Vertex> 15 {-1.000000 -0.819227 -1.152765
        <RGBA> { 1 1 1 1 }
        <UV> UVMap {
          0.125000 0.750000 
        }
      }
      <Vertex> 16 {1.000000 1.152765 -0.819227
        <RGBA> { 1 1 1 1 }
        <UV> UVMap {
          0.375000 0.500000 
        }
      }
      <Vertex> 17 {1.000000 0.819227 1.152765
        <RGBA> { 1 1 1 1 }
        <UV> UVMap {
          0.625000 0.500000 
        }
      }
      <Vertex> 18 {1.000000 -1.152765 0.819227
        <RGBA> { 1 1 1 1 }
        <UV> UVMap {
          0.625000 0.750000 
        }
      }
      <Vertex> 19 {1.000000 -0.819227 -1.152765
        <RGBA> { 1 1 1 1 }
        <UV> UVMap {
          0.375000 0.750000 
        }
      }
      <Vertex> 20 {-1.000000 1.152765 -0.819227
        <RGBA> { 1 1 1 1 }
        <UV> UVMap {
          0.375000 0.250000 
        }
      }
      <Vertex> 21 {-1.000000 0.819227 1.152765
        <RGBA> { 1 1 1 1 }
        <UV> UVMap {
          0.625000 0.250000 
        }
      }
      <Vertex> 22 {1.000000 0.819227 1.152765
        <RGBA> { 1 1 1 1 }
        <UV> UVMap {
          0.625000 0.500000 
        }
      }
      <Vertex> 23 {1.000000 1.152765 -0.819227
        <RGBA> { 1 1 1 1 }
        <UV> UVMap {
          0.375000 0.500000 
        }
      }}
    
    
    <Polygon> {
      <MRef> { Material }
      <Normal> {0.000000 -0.166769 0.985996}
      <VertexRef> { 0 1 2 3 <Ref> { Cube }} 
    }
    <Polygon> {
      <MRef> { Material }
      <Normal> {0.000000 -0.985996 -0.166769}
      <VertexRef> { 4 5 6 7 <Ref> { Cube }} 
    }
    <Polygon> {
      <MRef> { Material }
      <Normal> {-1.000000 0.000000 0.000000}
      <VertexRef> { 8 9 10 11 <Ref> { Cube }} 
    }
    <Polygon> {
      <MRef> { Material }
      <Normal> {0.000000 0.166769 -0.985996}
      <VertexRef> { 12 13 14 15 <Ref> { Cube }} 
    }
    <Polygon> {
      <MRef> { Material }
      <Normal> {1.000000 0.000000 0.000000}
      <VertexRef> { 16 17 18 19 <Ref> { Cube }} 
    }
    <Polygon> {
      <MRef> { Material }
      <Normal> {0.000000 0.985996 0.166769}
      <VertexRef> { 20 21 22 23 <Ref> { Cube }} 
    }
  }
  <Group> Light {
    <Transform> {
      <Matrix4> {
        -0.29086464643478394 0.9551711678504944 -0.05518905818462372 0.0 
        -0.7711008191108704 -0.1998833566904068 0.6045247316360474 0.0 
        0.5663931965827942 0.21839119493961334 0.7946722507476807 0.0 
        4.076245307922363 1.0054539442062378 5.903861999511719 1.0 
      }
    }
    
  }
  <Group> Camera {
    <Transform> {
      <Matrix4> {
        0.6859206557273865 0.7276763319969177 0.0 0.0 
        -0.32401347160339355 0.305420845746994 0.8953956365585327 0.0 
        0.6515582203865051 -0.6141703724861145 0.44527140259742737 0.0 
        7.358891487121582 -6.925790786743164 4.958309173583984 1.0 
      }
    }
    
  }
